2017/04/04 18:27 770.5 499.269226074 6 6 116
2017/04/04 18:27 769.482788086 505.448272705 3 4 112
2017/04/04 18:27 770.0 506.0 10 9 119
2017/04/04 18:27 769.262512207 500.825012207 9 8 118
2017/04/04 18:27 770.0 496.25 8 5 119
2017/04/04 18:27 770.0 497.0 8 7 119
2017/04/04 18:27 770.0 496.666656494 9 5 119
2017/04/04 18:27 770.0 497.0 6 2 117
2017/04/04 18:27 770.5 497.0 8 7 121
2017/04/04 18:27 770.5 497.0 10 7 120
2017/04/04 18:27 770.5 497.0 8 6 121
2017/04/04 18:27 771.25 497.450012207 10 8 123
2017/04/04 18:27 771.0 497.399993896 10 8 119
2017/04/04 18:27 771.0 497.5 13 5 117
2017/04/04 18:27 771.0 497.5 7 5 117
2017/04/04 18:27 771.0 497.5 12 10 123
2017/04/04 18:27 770.5 497.5 11 9 121
2017/04/04 18:27 771.0 497.5 14 10 120
2017/04/04 18:27 771.0 497.5 10 8 123
2017/04/04 18:27 770.5 497.5 8 5 118
2017/04/04 18:27 770.0 497.5 10 7 122
2017/04/04 18:27 770.5 497.5 10 6 117
2017/04/04 18:28 770.5 497.5 8 4 121
2017/04/04 18:28 770.5 497.5 6 4 115
2017/04/04 18:28 770.5 497.5 4 7 119
2017/04/04 18:28 770.5 497.5 8 7 116
2017/04/04 18:28 770.5 497.5 12 10 126
2017/04/04 18:28 770.5 497.5 7 6 119
2017/04/04 18:28 771.0 497.5 8 5 122
2017/04/04 18:28 771.0 497.5 10 7 121
2017/04/04 18:28 771.0 497.5 8 7 116
2017/04/04 18:28 770.237731934 497.549194336 7 4 117
2017/04/04 18:28 770.5 497.5 10 7 119
2017/04/04 18:28 770.700012207 497.5 10 9 123
2017/04/04 18:28 771.0 497.5 9 5 117
2017/04/04 18:28 771.0 497.5 9 7 121
2017/04/04 18:28 771.0 497.5 9 6 114
2017/04/04 18:28 771.0 497.5 9 6 120
2017/04/04 18:28 770.5 497.25 9 7 119
2017/04/04 18:28 771.0 497.214294434 14 10 123
2017/04/04 18:28 770.75 497.5 13 9 122
2017/04/04 18:28 770.694458008 497.388885498 9 7 120
2017/04/04 18:28 770.722229004 497.388885498 9 9 120
2017/04/04 18:28 770.5 497.5 16 10 121
2017/04/04 18:28 770.576904297 497.576934814 7 6 118
2017/04/04 18:28 770.583312988 497.416656494 12 8 119
2017/04/04 18:28 770.5 497.25 9 5 118
2017/04/04 18:28 770.968078613 497.457458496 9 5 117
2017/04/04 18:28 770.785705566 497.214294434 5 2 115
2017/04/04 18:28 770.75 497.25 7 6 117
2017/04/04 18:28 770.5 497.5 9 7 117
2017/04/04 18:28 770.5 497.5 16 13 127
2017/04/04 18:28 770.5 497.5 9 9 121
2017/04/04 18:28 770.5 497.5 8 5 122
2017/04/04 18:28 770.5 497.5 10 6 119
2017/04/04 18:28 770.5 497.5 13 10 122
2017/04/04 18:28 770.346130371 497.346160889 12 9 128
2017/04/04 18:28 770.267456055 497.453491211 11 7 119
2017/04/04 18:28 770.0 497.5 10 8 122
2017/04/04 18:28 770.285705566 497.285705566 5 4 116
2017/04/04 18:28 770.285705566 497.285705566 11 7 120
2017/04/04 18:28 770.5 497.5 9 6 115
2017/04/04 18:28 770.428588867 497.42855835 10 9 122
2017/04/04 18:28 770.428588867 497.42855835 12 8 122
2017/04/04 18:28 770.0 497.5 10 8 121
2017/04/04 18:28 770.428588867 497.42855835 11 10 126
2017/04/04 18:28 770.428588867 497.42855835 10 7 121
2017/04/04 18:28 770.125 497.5 11 9 124
2017/04/04 18:28 770.233337402 497.416656494 8 6 118
2017/04/04 18:28 770.209655762 497.387084961 9 6 120
2017/04/04 18:28 770.233337402 497.416656494 8 6 120
2017/04/04 18:28 770.209655762 497.387084961 10 6 116
2017/04/04 18:28 770.209655762 497.387084961 9 7 119
2017/04/04 18:28 770.209655762 497.387084961 10 5 119
2017/04/04 18:28 770.209655762 497.387084961 6 6 116
2017/04/04 18:28 770.209655762 497.387084961 9 10 123
2017/04/04 18:28 770.125 497.5 9 6 119
2017/04/04 18:28 770.125 497.5 12 9 121
2017/04/04 18:28 770.096984863 497.425384521 8 8 121
2017/04/04 18:28 770.205871582 497.411773682 12 9 121
2017/04/04 18:28 770.155761719 497.319671631 9 7 121
2017/04/04 18:28 792.0 499.5 9 7 120
2017/04/04 18:28 792.0 499.384613037 9 5 119
2017/04/04 18:28 792.0 499.5 10 12 126
2017/04/04 18:28 791.45715332 499.42855835 8 5 117
2017/04/04 18:28 791.481140137 499.424530029 16 14 127
2017/04/04 18:28 791.31817627 499.68182373 15 12 124
2017/04/04 18:28 791.5 499.5 12 9 125
2017/04/04 18:28 792.0 499.5 12 6 121
2017/04/04 18:28 791.5 499.5 12 11 125
2017/04/04 18:28 792.0 499.5 10 5 118
2017/04/04 18:28 791.59753418 499.646331787 7 6 117
2017/04/04 18:28 791.857116699 499.857147217 8 6 121
2017/04/04 18:28 792.0 499.5 9 6 119
2017/04/04 18:28 792.0 499.5 8 7 120
2017/04/04 18:28 791.760864258 499.41305542 8 6 114
2017/04/04 18:28 791.633361816 499.633331299 14 11 123
2017/04/04 18:28 791.5 499.5 13 9 121
2017/04/04 18:28 791.5 499.5 17 8 121
2017/04/04 18:28 791.5 499.5 8 6 117
2017/04/04 18:28 791.5 499.5 5 7 118
2017/04/04 18:28 791.5 499.5 8 4 121
2017/04/04 18:28 791.59753418 499.646331787 7 5 120
2017/04/04 18:28 791.5 499.5 9 10 119
2017/04/04 18:28 791.5 499.5 11 7 118
2017/04/04 18:29 792.0 499.833343506 9 6 119
2017/04/04 18:29 792.093017578 499.848846436 8 6 114
2017/04/04 18:29 792.0 499.166656494 7 5 118
2017/04/04 18:29 792.0 499.5 11 7 121
2017/04/04 18:29 791.75 499.5 10 10 122
2017/04/04 18:29 791.710510254 499.421051025 10 8 126
2017/04/04 18:29 791.5 499.5 13 9 123
2017/04/04 18:29 792.0 499.833343506 11 8 122
2017/04/04 18:29 791.5 499.5 18 8 124
2017/04/04 18:29 791.5 499.5 9 6 119
2017/04/04 18:29 792.0 499.125 8 6 117
2017/04/04 18:29 791.611083984 499.222229004 9 10 122
2017/04/04 18:29 791.5 499.5 11 8 121
2017/04/04 18:29 791.481140137 499.424530029 9 7 115
2017/04/04 18:29 791.5 499.5 12 10 120
2017/04/04 18:29 791.5 499.5 14 12 123
2017/04/04 18:29 792.0 499.5 13 11 125
2017/04/04 18:29 791.5 499.75 10 9 122
2017/04/04 18:29 791.243896484 499.707305908 11 11 126
2017/04/04 18:29 792.0 499.5 11 6 129
2017/04/04 18:29 792.0 499.5 11 6 122
2017/04/04 18:29 791.571411133 499.714294434 8 6 122
2017/04/04 18:29 791.571411133 499.714294434 8 6 117
2017/04/04 18:29 795.31817627 499.772735596 8 6 117
2017/04/04 18:29 810.5 501.269226074 7 6 118
2017/04/04 18:29 816.700012207 501.5 12 8 122
2017/04/04 18:29 816.617675781 501.617645264 9 6 118
2017/04/04 18:29 816.617675781 501.617645264 16 14 127
2017/04/04 18:29 816.0 502.0 13 10 121
2017/04/04 18:29 816.5 502.0 15 13 122
2017/04/04 18:29 816.299987793 501.5 8 8 120
2017/04/04 18:29 816.0 501.5 9 6 119
2017/04/04 18:29 816.0 501.5 10 11 121
2017/04/04 18:29 816.5 501.5 9 5 120
2017/04/04 18:29 816.299987793 501.5 8 8 121
2017/04/04 18:29 817.0 501.5 6 5 118
2017/04/04 18:29 816.621643066 501.702697754 9 6 118
2017/04/04 18:29 816.0 502.0 17 15 121
2017/04/04 18:29 816.214294434 501.785705566 14 11 125
2017/04/04 18:29 816.5 501.772735596 20 11 124
2017/04/04 18:29 816.5 501.68182373 11 8 121
2017/04/04 18:29 816.5 501.772735596 10 7 122
2017/04/04 18:29 816.642883301 501.92855835 7 8 119
2017/04/04 18:29 816.5 502.0 9 7 119
2017/04/04 18:29 816.700012207 502.0 9 5 118
2017/04/04 18:29 816.700012207 502.0 7 4 117
2017/04/04 18:29 816.5 502.0 6 3 115
2017/04/04 18:29 816.5 502.0 10 8 123
2017/04/04 18:29 816.0 502.5 14 11 122
2017/04/04 18:29 816.0 502.5 11 10 128
2017/04/04 18:29 816.445922852 502.418914795 13 9 122
2017/04/04 18:29 816.5 502.409088135 11 8 124
2017/04/04 18:29 815.915100098 502.386779785 14 9 121
2017/04/04 18:29 816.5 502.0 7 5 120
2017/04/04 18:29 816.5 502.0 11 8 122
2017/04/04 18:29 816.5 502.0 7 6 117
2017/04/04 18:29 816.5 502.0 9 8 120
2017/04/04 18:29 816.166687012 502.166656494 9 6 119
2017/04/04 18:29 816.714294434 501.714294434 11 9 124
2017/04/04 18:29 815.785705566 501.976196289 13 11 125
2017/04/04 18:29 816.700012207 502.0 11 8 120
2017/04/04 18:29 816.447387695 501.868408203 10 8 122
2017/04/04 18:29 817.0 501.68182373 7 5 119
2017/04/04 18:29 841.5 504.0 12 8 115
2017/04/04 18:29 850.467712402 504.919342041 10 7 120
2017/04/04 18:29 852.205871582 505.088226318 7 3 116
2017/04/04 18:29 852.433349609 505.433319092 7 6 115
2017/04/04 18:29 852.5 505.166656494 7 3 115
2017/04/04 18:29 851.991821289 505.319671631 10 9 120
2017/04/04 18:29 852.192321777 504.923065186 8 6 118
2017/04/04 18:29 852.5 505.5 6 3 114
2017/04/04 18:29 852.5 505.5 6 4 116
2017/04/04 18:29 852.5 505.5 2 2 114
2017/04/04 18:29 852.5 505.5 8 5 118
2017/04/04 18:29 852.5 505.0 9 8 120
2017/04/04 18:29 852.5 505.5 10 8 123
2017/04/04 18:29 852.5 505.5 6 3 114
2017/04/04 18:29 852.423095703 505.269226074 12 4 119
2017/04/04 18:29 852.0 505.5 5 3 113
2017/04/04 18:29 853.0 505.125 11 7 120
2017/04/04 18:29 852.5 505.0 5 3 115
2017/04/04 18:29 851.5 505.0 7 6 120
2017/04/04 18:30 852.0 505.0 9 9 127
2017/04/04 18:30 852.0 505.0 6 6 117
2017/04/04 18:30 852.0 505.0 10 8 121
2017/04/04 18:30 852.0 505.0 7 5 118
2017/04/04 18:30 852.0 505.0 9 8 118
2017/04/04 18:30 852.5 505.0 4 1 112
2017/04/04 18:30 852.5 505.0 4 1 112
2017/04/04 18:30 852.5 505.0 8 4 118
2017/04/04 18:30 852.5 505.0 5 2 114
2017/04/04 18:30 852.5 505.0 10 6 117
2017/04/04 18:30 852.5 505.0 6 3 114
2017/04/04 18:30 852.0 505.0 3 1 114
2017/04/04 18:30 852.5 505.0 3 1 110
2017/04/04 18:30 852.0 505.5 2 3 111
2017/04/04 18:30 852.5 505.409088135 4 4 116
2017/04/04 18:30 852.5 505.0 2 0 112
2017/04/04 18:30 851.738098145 504.976196289 7 4 117
2017/04/04 18:30 852.155761719 505.319671631 6 3 114
2017/04/04 18:30 852.382324219 504.911773682 3 1 113
2017/04/04 18:30 852.5 505.0 9 6 118
2017/04/04 18:30 852.0 505.5 11 8 121
2017/04/04 18:30 851.70690918 505.120697021 5 3 113
2017/04/04 18:30 852.0 505.5 6 4 117
2017/04/04 18:30 854.0 505.0 3 5 117
2017/04/04 18:30 890.75 508.75 13 9 121
2017/04/04 18:30 898.982788086 509.362060547 6 4 117
2017/04/04 18:30 899.289489746 509.578948975 11 8 122
2017/04/04 18:30 898.5 509.5 4 1 111
2017/04/04 18:30 899.0 509.5 2 4 120
2017/04/04 18:30 898.5 509.5 13 11 118
2017/04/04 18:30 898.283813477 509.472961426 2 3 116
2017/04/04 18:30 898.5 510.0 6 4 116
2017/04/04 18:30 898.5 509.5 9 7 119
2017/04/04 18:30 898.717407227 510.021728516 7 3 116
2017/04/04 18:30 899.176452637 509.588226318 6 4 116
2017/04/04 18:30 898.700012207 509.5 11 12 128
2017/04/04 18:30 898.833312988 509.833343506 9 6 121
2017/04/04 18:30 899.084899902 509.613220215 8 8 121
2017/04/04 18:30 899.0 509.5 12 8 121
2017/04/04 18:30 898.717407227 510.021728516 7 2 118
2017/04/04 18:30 898.982788086 509.362060547 10 8 119
2017/04/04 18:30 898.743896484 509.182922363 6 5 116
2017/04/04 18:30 898.5 509.5 5 4 115
2017/04/04 18:30 898.366638184 509.366668701 3 0 112
2017/04/04 18:30 899.084899902 509.613220215 9 7 119
2017/04/04 18:30 898.5625 509.828125 10 9 122
2017/04/04 18:30 898.366638184 509.366668701 3 2 116
2017/04/04 18:30 898.722229004 509.166656494 6 5 113
2017/04/04 18:30 898.5 509.5 5 3 116
2017/04/04 18:30 898.366638184 509.366668701 13 5 123
2017/04/04 18:30 898.366638184 509.366668701 6 3 117
2017/04/04 18:30 898.366638184 509.366668701 17 11 118
2017/04/04 18:30 898.5 509.5 10 7 119
2017/04/04 18:30 898.633361816 509.633331299 7 5 117
2017/04/04 18:30 898.633361816 509.633331299 6 4 117
2017/04/04 18:30 898.633361816 509.633331299 2 2 115
2017/04/04 18:30 898.633361816 509.633331299 7 5 115
2017/04/04 18:30 897.9375 509.0625 8 5 118
2017/04/04 18:30 903.270507812 509.795074463 9 8 118
2017/04/04 18:30 956.147033691 515.147033691 9 7 119
2017/04/04 18:30 972.277770996 516.277770996 7 4 114
2017/04/04 18:30 974.149597168 516.645324707 10 7 119
2017/04/04 18:30 974.333312988 516.5 5 2 118
2017/04/04 18:30 974.227294922 516.772705078 7 5 118
2017/04/04 18:30 974.166687012 516.833312988 10 7 125
2017/04/04 18:30 974.147033691 517.147033691 7 4 119
2017/04/04 18:30 974.147033691 517.147033691 12 4 115
2017/04/04 18:30 974.147033691 517.147033691 3 2 113
2017/04/04 18:30 974.147033691 517.147033691 5 4 112
2017/04/04 18:30 974.147033691 517.147033691 4 3 116
2017/04/04 18:30 974.235290527 516.382324219 5 3 114
2017/04/04 18:30 974.192321777 516.615356445 12 8 121
2017/04/04 18:30 974.18572998 516.547607422 10 7 122
2017/04/04 18:30 974.243347168 516.579650879 9 9 123
2017/04/04 18:30 974.272705078 516.363647461 8 6 120
2017/04/04 18:30 974.272705078 516.363647461 10 7 119
2017/04/04 18:30 974.272705078 516.363647461 5 4 117
2017/04/04 18:30 974.027038574 516.459472656 11 6 120
2017/04/04 18:30 974.027038574 516.459472656 6 5 118
2017/04/04 18:30 974.243347168 516.579650879 6 1 111
2017/04/04 18:30 974.142883301 516.714294434 7 6 116
2017/04/04 18:30 974.0 517.0 11 12 123
2017/04/04 18:30 974.236816406 516.657897949 4 1 112
2017/04/04 18:30 974.243347168 516.579650879 9 5 118
2017/04/04 18:31 974.027038574 516.459472656 3 3 116
2017/04/04 18:31 974.0 517.0 9 7 121
2017/04/04 18:31 974.243347168 516.579650879 5 4 114
2017/04/04 18:31 974.243347168 516.579650879 6 3 115
2017/04/04 18:31 974.243347168 516.579650879 7 3 116
2017/04/04 18:31 974.243347168 516.579650879 4 1 114
2017/04/04 18:31 974.236816406 516.657897949 6 3 114
2017/04/04 18:31 974.0 517.0 6 5 118
2017/04/04 18:31 974.147033691 517.147033691 6 2 114
2017/04/04 18:31 974.147033691 517.147033691 4 3 113
2017/04/04 18:31 974.147033691 517.147033691 9 6 119
2017/04/04 18:31 974.147033691 517.147033691 5 4 117
2017/04/04 18:31 974.236816406 516.657897949 4 2 112
2017/04/04 18:31 974.344665527 516.402893066 12 6 119
2017/04/04 18:31 974.0 516.6875 7 4 116
2017/04/04 18:31 974.227294922 516.772705078 10 4 115
2017/04/04 18:31 974.302307129 516.558166504 6 4 117
2017/04/04 18:31 1002.5 520.0 6 5 116
2017/04/04 18:31 1089.78186035 527.446289062 6 5 117
2017/04/04 18:31 1093.5 527.799987793 4 2 108
2017/04/04 18:31 1094.0 527.5 8 6 115
2017/04/04 18:31 1092.79199219 527.587585449 9 7 120
2017/04/04 18:31 1092.81616211 527.926452637 13 9 117
2017/04/04 18:31 1092.74499512 527.930480957 6 3 117
2017/04/04 18:31 1092.80078125 527.590209961 10 4 115
2017/04/04 18:31 1092.4552002 527.350769043 6 4 115
2017/04/04 18:31 1092.4552002 527.350769043 9 3 116
2017/04/04 18:31 1092.71948242 527.158508301 8 5 122
2017/04/04 18:31 1092.25 527.5 8 3 117
2017/04/04 18:31 1092.25 527.5 9 6 119
2017/04/04 18:31 1092.0 527.5 7 5 118
2017/04/04 18:31 1092.65380859 527.346130371 8 5 116
2017/04/04 18:31 1093.0 527.333312988 4 0 118
2017/04/04 18:31 1093.21716309 527.459594727 7 8 118
2017/04/04 18:31 1093.21716309 527.459594727 5 1 111
2017/04/04 18:31 1093.0 528.0 6 4 113
2017/04/04 18:31 1093.5 527.0 6 6 118
2017/04/04 18:31 1093.5 527.5 6 4 115
2017/04/04 18:31 1093.33190918 527.95135498 11 4 113
2017/04/04 18:31 1092.97363281 527.973693848 8 4 116
2017/04/04 18:31 1093.1315918 528.131591797 7 5 117
2017/04/04 18:31 1093.0 528.0 5 5 120
2017/04/04 18:31 1093.39477539 527.394714355 5 3 117
2017/04/04 18:31 1093.21228027 527.527404785 6 4 116
2017/04/04 18:31 1093.21228027 527.527404785 6 3 115
2017/04/04 18:31 1093.21228027 527.527404785 6 5 114
2017/04/04 18:31 1093.21228027 527.527404785 5 5 115
2017/04/04 18:31 1093.21228027 527.527404785 14 12 128
2017/04/04 18:31 1092.90905762 527.472717285 9 6 122
2017/04/04 18:31 1092.90905762 527.472717285 8 6 119
2017/04/04 18:31 1093.0 527.400024414 8 5 116
2017/04/04 18:31 1092.5 527.5 8 6 119
2017/04/04 18:31 1092.5 527.5 7 5 115
2017/04/04 18:31 1092.5 527.5 6 3 115
2017/04/04 18:31 1093.0 527.349975586 7 5 116
2017/04/04 18:31 1092.52087402 527.78125 4 0 115
2017/04/04 18:31 1102.0 528.5 7 4 115
2017/04/04 18:31 1236.5 539.5 3 2 113
2017/04/04 18:31 1271.5 543.5 5 3 115
2017/04/04 18:31 1192.44995117 535.75 2 1 112
2017/04/04 18:31 1197.44116211 536.441162109 9 3 116
2017/04/04 18:31 1196.39477539 536.394714355 9 11 120
2017/04/04 18:31 1196.5 537.5 6 4 117
2017/04/04 18:31 1196.22338867 536.457458496 4 1 112
2017/04/04 18:31 1196.16662598 536.5 8 6 116
2017/04/04 18:31 1196.83337402 536.0 6 2 115
2017/04/04 18:31 1196.0 537.0 11 7 121
2017/04/04 18:31 1196.72094727 536.186035156 3 2 112
2017/04/04 18:31 1196.69360352 536.596801758 6 5 113
2017/04/04 18:31 1196.5 536.5 7 4 115
2017/04/04 18:31 1196.69567871 536.565246582 1 7 111
2017/04/04 18:31 1196.69360352 536.596801758 4 3 112
2017/04/04 18:31 1196.69360352 536.596801758 6 4 115
2017/04/04 18:32 1196.75 536.75 7 1 112
2017/04/04 18:32 1196.5 537.200012207 7 4 116
2017/04/04 18:32 1196.5 537.200012207 8 4 123
2017/04/04 18:32 1196.56774902 536.745788574 3 2 113
2017/04/04 18:32 1196.56774902 536.745788574 5 5 117
2017/04/04 18:32 1196.5 536.944458008 5 2 113
2017/04/04 18:32 1196.5 537.0 3 3 115
2017/04/04 18:32 1196.3371582 537.143432617 4 0 112
2017/04/04 18:32 1196.5 536.944458008 6 6 118
2017/04/04 18:32 1196.5 536.944458008 7 4 117
2017/04/04 18:32 1196.56774902 536.745788574 9 6 117
2017/04/04 18:32 1196.5 536.944458008 11 8 122
2017/04/04 18:32 1196.65783691 537.026306152 8 7 119
2017/04/04 18:32 1196.5 537.0 12 7 122
2017/04/04 18:32 1196.5 537.5 5 4 117
2017/04/04 18:32 1196.5 537.0 7 4 117
2017/04/04 18:32 1196.5 536.944458008 7 4 117
2017/04/04 18:32 1196.6817627 537.31817627 13 3 116
2017/04/04 18:32 1196.5 536.944458008 5 3 115
2017/04/04 18:32 1196.5 537.5 4 5 116
2017/04/04 18:32 1196.68847656 536.672119141 11 9 122
2017/04/04 18:32 1196.5 537.5 11 6 119
2017/04/04 18:32 1196.5 537.5 8 1 112
2017/04/04 18:32 1196.5 537.5 6 3 118
2017/04/04 18:32 1196.5 537.0 6 4 115
2017/04/04 18:32 1196.5 537.0 7 4 118
2017/04/04 18:32 1196.55712891 537.214294434 7 3 116
