0.2411203384399414
0.02759528160095215
0.03688335418701172
0.0326085090637207
0.027695417404174805
0.03196120262145996
0.03875160217285156
0.03159284591674805
0.031119108200073242
0.030224084854125977
0.030301809310913086
0.027831077575683594
0.027091503143310547
0.030315876007080078
0.030657052993774414
0.032508134841918945
0.031136035919189453
0.02738475799560547
0.029753684997558594
0.029369115829467773
0.026830673217773438
0.030155181884765625
0.030310392379760742
0.027729034423828125
0.026217937469482422
0.027552127838134766
0.031016111373901367
0.03210806846618652
0.028749465942382812
0.029158592224121094
0.029933691024780273
0.03902792930603027
0.0337374210357666
0.03180217742919922
0.0321805477142334
0.034307003021240234
0.029398202896118164
0.11770462989807129
0.10172009468078613
0.10287022590637207
0.1043236255645752
0.09806108474731445
0.15882301330566406
0.10765838623046875
0.11438655853271484
0.1011502742767334
0.10134005546569824
0.09602785110473633
0.10585236549377441
0.10883307456970215
0.10684061050415039
0.09447383880615234
0.12049698829650879
0.0983738899230957
0.1003572940826416
0.1036062240600586
0.16569137573242188
0.10415101051330566
0.11333465576171875
0.08679509162902832
0.12140607833862305
0.1027984619140625
0.10166764259338379
0.0961158275604248
0.10663199424743652
0.12076306343078613
0.10811090469360352
0.10400032997131348
0.09922957420349121
0.09922409057617188
0.1694633960723877
0.11279582977294922
0.11408615112304688
0.11474919319152832
0.11539673805236816
0.10503768920898438
0.12337017059326172
0.11265110969543457
0.09587216377258301
0.11267828941345215
0.11530661582946777
0.08021402359008789
0.07773375511169434
0.11431765556335449
0.10800552368164062
0.15320301055908203
0.19803571701049805
0.05507969856262207
0.043723106384277344
0.05950117111206055
0.1319890022277832
0.08051872253417969
0.08113813400268555
0.08499693870544434
0.14122915267944336
0.07515287399291992
0.06879234313964844
0.06452703475952148
0.06022953987121582
0.12830543518066406
0.06726908683776855
0.08463549613952637
0.08722233772277832
0.16003918647766113
0.10944914817810059
0.08912992477416992
0.10904407501220703
0.16959071159362793
0.09116768836975098
0.08302497863769531
0.09367704391479492
0.08487367630004883
0.08596920967102051
0.0806126594543457
0.06672048568725586
0.08562922477722168
0.08789849281311035
0.08903217315673828
0.0846853256225586
0.0938880443572998
0.09963774681091309
0.07972121238708496
0.09851861000061035
0.0924673080444336
0.08997678756713867
0.09331488609313965
0.09982728958129883
0.09264564514160156
0.09686827659606934
0.11101436614990234
0.07601356506347656
0.07643270492553711
0.07644867897033691
0.13980531692504883
0.07665205001831055
0.0832815170288086
0.05457282066345215
0.12985634803771973
0.1644580364227295
0.09825992584228516
0.08082842826843262
0.10685038566589355
0.2261192798614502
0.23785614967346191
0.13142919540405273
0.031403303146362305
0.029862165451049805
0.02799081802368164
0.028247594833374023
0.02754807472229004
0.06939888000488281
0.029570817947387695
0.028780698776245117
0.029500246047973633
0.02909708023071289
0.029151201248168945
0.05481100082397461
0.0283660888671875
0.02832627296447754
0.02913498878479004
0.028292417526245117
0.028346538543701172
0.04036259651184082
0.027341365814208984
0.02711772918701172
0.02759718894958496
0.02755260467529297
0.026761293411254883
0.0553133487701416
0.02778315544128418
0.028536558151245117
0.030077219009399414
0.030976295471191406
0.03193354606628418
0.06541752815246582
0.03683733940124512
0.03446054458618164
0.03658938407897949
0.0338590145111084
0.047216176986694336
0.0635063648223877
0.03859400749206543
0.036893367767333984
0.03118753433227539
0.031302690505981445
0.03000044822692871
0.0897367000579834
0.03738594055175781
0.038825273513793945
0.03843808174133301
0.03707718849182129
0.04587054252624512
0.07666516304016113
0.02810072898864746
0.02739119529724121
0.028483152389526367
0.027604341506958008
0.029219388961791992
0.06496453285217285
0.027463436126708984
0.02689075469970703
0.027533531188964844
0.028085708618164062
0.02729177474975586
0.058861732482910156
0.028706073760986328
0.02755570411682129
0.02715778350830078
0.027738094329833984
0.02635788917541504
0.057701826095581055
0.027029991149902344
0.027632713317871094
0.029300689697265625
0.02900075912475586
0.030649662017822266
0.03376936912536621
0.02963876724243164
0.03019118309020996
0.029674291610717773
0.027579545974731445
0.0277254581451416
0.0720822811126709
0.02947521209716797
0.047801971435546875
0.02637958526611328
0.021966934204101562
0.023236513137817383
0.022738933563232422
0.020438432693481445
0.02332782745361328
0.023198604583740234
0.022118091583251953
0.022708415985107422
0.022394180297851562
0.020834922790527344
0.02380990982055664
0.02116084098815918
0.022728443145751953
0.034821271896362305
0.021240949630737305
0.020030736923217773
0.020956993103027344
0.020839452743530273
0.021129846572875977
0.03977513313293457
0.021744728088378906
0.02026963233947754
0.024210691452026367
0.023314714431762695
0.02070331573486328
0.04568791389465332
0.020254135131835938
0.020869731903076172
0.020720958709716797
0.020215511322021484
0.02138972282409668
0.045351266860961914
0.020627498626708984
0.020041704177856445
0.027132272720336914
0.023389339447021484
0.021256446838378906
0.020610809326171875
0.021344661712646484
0.020028352737426758
0.02228093147277832
0.020679235458374023
0.022023439407348633
0.020900487899780273
0.03652238845825195
0.02100205421447754
0.025269031524658203
0.021886348724365234
0.02245616912841797
0.021935701370239258
0.04393768310546875
0.020978927612304688
0.021621227264404297
0.022260427474975586
0.02000594139099121
0.02116250991821289
0.04439544677734375
0.02083444595336914
0.024543046951293945
0.021745681762695312
0.021405696868896484
0.020416736602783203
0.03706717491149902
0.021026134490966797
0.0197756290435791
0.020249128341674805
0.020188093185424805
0.09854674339294434
0.040400028228759766
0.03246021270751953
0.030480623245239258
0.030644655227661133
0.08215904235839844
0.036804914474487305
0.0431671142578125
0.03493189811706543
0.031366586685180664
0.03135251998901367
0.07001161575317383
0.024412870407104492
0.028419971466064453
0.02787613868713379
0.02797245979309082
0.028211593627929688
0.0629267692565918
0.02979254722595215
0.029723644256591797
0.03024458885192871
0.03147745132446289
0.030812501907348633
0.03440356254577637
0.027284860610961914
0.03160977363586426
0.030905485153198242
0.031139850616455078
0.03578901290893555
0.03203725814819336
0.03163623809814453
0.036658287048339844
0.03320598602294922
0.030655622482299805
0.07092809677124023
0.030697107315063477
0.026784658432006836
0.030742883682250977
0.031150341033935547
0.03548789024353027
0.04666495323181152
0.03242850303649902
0.03212785720825195
0.03378629684448242
0.03215432167053223
0.05760455131530762
0.03129768371582031
0.031939029693603516
0.02675318717956543
0.030827760696411133
0.03180813789367676
0.0731801986694336
0.031363487243652344
0.03189277648925781
0.030930280685424805
0.032247304916381836
0.03006768226623535
0.03767204284667969
0.03426027297973633
0.02954578399658203
0.024651288986206055
0.028522253036499023
0.02816033363342285
0.06327390670776367
0.0309755802154541
0.031061410903930664
0.030279874801635742
0.028873920440673828
0.02964043617248535
0.06596899032592773
0.0627133846282959
0.031067609786987305
0.026037216186523438
0.03132057189941406
0.03913259506225586
0.04049181938171387
0.0380098819732666
0.04349112510681152
0.035211801528930664
0.0391240119934082
0.03297996520996094
0.07687973976135254
0.03262925148010254
0.03549671173095703
0.03246045112609863
0.037148475646972656
0.04240679740905762
0.040406227111816406
0.0363316535949707
0.03636479377746582
0.03662991523742676
0.03522181510925293
0.08082985877990723
0.03732013702392578
0.038671016693115234
0.03255915641784668
0.029161453247070312
0.03269219398498535
0.07487988471984863
0.032013893127441406
0.03255152702331543
0.0314788818359375
0.034616947174072266
0.032781362533569336
0.04306221008300781
0.03148078918457031
0.03099203109741211
0.029892683029174805
0.024790287017822266
0.03911471366882324
0.0697183609008789
0.029166698455810547
0.028981685638427734
0.029642820358276367
0.029517650604248047
0.029567956924438477
0.03527116775512695
0.02993154525756836
0.02942061424255371
0.02973651885986328
0.024401187896728516
0.035515546798706055
0.07426166534423828
0.02999591827392578
0.0298311710357666
0.03537440299987793
0.03027057647705078
0.02996540069580078
0.08281636238098145
0.12358927726745605
0.03382515907287598
0.03137087821960449
0.0419611930847168
0.031610965728759766
0.03051924705505371
0.03103351593017578
0.03121495246887207
0.034369707107543945
0.03258395195007324
0.033941030502319336
0.07246708869934082
0.028312206268310547
0.032460927963256836
0.03610825538635254
0.04012131690979004
0.042595863342285156
0.05277752876281738
0.040067195892333984
0.03808951377868652
0.03659844398498535
0.03749656677246094
0.08384180068969727
0.03891777992248535
0.03701210021972656
0.03361344337463379
0.03418469429016113
0.05292534828186035
0.06867718696594238
0.03762483596801758
0.0422205924987793
0.03647923469543457
0.033667564392089844
0.07539033889770508
0.035553693771362305
0.03393888473510742
0.028220653533935547
0.03355693817138672
0.03470897674560547
0.04713296890258789
0.030756473541259766
0.031110525131225586
0.032485008239746094
0.03742694854736328
0.05858039855957031
0.03309988975524902
0.03538346290588379
0.034058570861816406
0.026425600051879883
0.030625343322753906
0.05999398231506348
0.02879500389099121
0.03103494644165039
0.030948400497436523
0.03048992156982422
0.030466079711914062
0.07294750213623047
0.03145766258239746
0.032620906829833984
0.04189443588256836
0.0358884334564209
0.03409767150878906
0.04398226737976074
0.039339542388916016
0.038751840591430664
0.0359342098236084
0.037366628646850586
0.07903933525085449
0.03630661964416504
0.04275631904602051
0.03884482383728027
0.03834962844848633
0.061865806579589844
0.034479379653930664
0.03755807876586914
0.038527488708496094
0.03729248046875
0.03709578514099121
0.051479339599609375
0.03934073448181152
0.0398561954498291
0.043204545974731445
0.03625822067260742
0.08457016944885254
0.03197336196899414
0.03664827346801758
0.03659462928771973
0.035219430923461914
0.07395148277282715
0.04254269599914551
0.03642463684082031
0.034673213958740234
0.03301739692687988
0.03227829933166504
0.04771780967712402
0.03162956237792969
0.02835392951965332
0.0330045223236084
0.03152346611022949
0.04433870315551758
0.07403874397277832
0.04260110855102539
0.032411813735961914
0.03085470199584961
0.033654212951660156
0.048323869705200195
0.06662559509277344
0.03203535079956055
0.027652502059936523
0.030374765396118164
0.03163647651672363
0.030597925186157227
0.03206777572631836
0.031247615814208984
0.03043079376220703
0.03057384490966797
0.03209805488586426
0.058503150939941406
0.030667781829833984
0.03164267539978027
0.027424097061157227
0.029912471771240234
0.030252456665039062
0.06399846076965332
0.03122091293334961
0.032591819763183594
0.03246021270751953
0.03059244155883789
0.02995443344116211
0.031288862228393555
0.030337810516357422
0.029050588607788086
0.02487349510192871
0.02887892723083496
0.028859376907348633
0.032939910888671875
0.03700590133666992
0.02945852279663086
0.03103470802307129
0.03545522689819336
0.07662034034729004
0.028139591217041016
0.02800154685974121
0.029283523559570312
0.026108503341674805
0.0291287899017334
0.04694819450378418
0.02893662452697754
0.028783082962036133
0.02803778648376465
0.0286712646484375
0.02872467041015625
0.03330850601196289
0.02962946891784668
0.029091835021972656
0.03266716003417969
0.030832290649414062
0.03847360610961914
0.06753730773925781
0.029850482940673828
0.02922368049621582
0.028838157653808594
0.030197620391845703
0.030397415161132812
0.06737327575683594
0.029238462448120117
0.0333864688873291
0.028832435607910156
0.025731801986694336
0.029320240020751953
0.06421756744384766
0.029271602630615234
0.028458118438720703
0.02885603904724121
0.029124975204467773
0.028247594833374023
0.037540435791015625
0.028714656829833984
0.028470993041992188
0.028900861740112305
0.024897098541259766
0.029079198837280273
0.02979564666748047
0.03968524932861328
0.037809133529663086
0.03112196922302246
0.029903888702392578
0.06865167617797852
0.030359268188476562
0.030792951583862305
0.031699419021606445
0.030278444290161133
0.027479887008666992
0.050289154052734375
0.03719758987426758
0.03488659858703613
0.038390398025512695
0.0349278450012207
0.029570579528808594
0.033403873443603516
0.031969547271728516
0.03192901611328125
0.03186345100402832
0.031882286071777344
0.03208446502685547
0.027846336364746094
0.03162360191345215
0.0317075252532959
0.029340028762817383
0.0302584171295166
0.03735971450805664
0.041120290756225586
0.03404974937438965
0.03555464744567871
0.03730630874633789
0.03304123878479004
0.03152823448181152
0.02842402458190918
0.02971196174621582
0.03901958465576172
0.031305551528930664
0.03050398826599121
0.03079366683959961
0.030797481536865234
0.029094934463500977
0.05143880844116211
0.055240631103515625
0.036104679107666016
0.029880285263061523
0.027285337448120117
0.029366016387939453
0.030766010284423828
0.03743386268615723
0.03120589256286621
0.028920412063598633
0.030152082443237305
0.028044462203979492
0.02862071990966797
0.034449100494384766
0.03029775619506836
0.033667564392089844
0.026929378509521484
0.02990889549255371
0.02962779998779297
0.029218196868896484
0.029064416885375977
0.030911684036254883
0.029578447341918945
0.029689550399780273
0.030125141143798828
0.03068828582763672
0.04020500183105469
0.035405635833740234
0.02611851692199707
0.029497146606445312
0.028223276138305664
0.029273033142089844
0.0299530029296875
0.029743432998657227
0.036496877670288086
0.030667543411254883
0.030905485153198242
0.030022382736206055
0.030827045440673828
0.03196263313293457
0.026695728302001953
0.030096769332885742
0.030361652374267578
0.03078603744506836
0.030649900436401367
0.03184151649475098
0.02852177619934082
0.03839302062988281
0.029963970184326172
0.02868819236755371
0.029845237731933594
0.029149770736694336
0.02562117576599121
0.02953171730041504
0.03037238121032715
0.028363466262817383
0.029582500457763672
0.039083003997802734
0.03319501876831055
0.030189037322998047
0.029421329498291016
0.029503822326660156
0.040657997131347656
0.029015302658081055
0.027484655380249023
0.04148244857788086
0.04088544845581055
0.03907299041748047
0.031363487243652344
0.03381705284118652
0.02960968017578125
0.030512571334838867
0.03318214416503906
0.03324270248413086
0.029170751571655273
0.030382871627807617
0.028345346450805664
0.03195524215698242
0.030775070190429688
0.03014397621154785
0.031308889389038086
0.029698848724365234
0.029354333877563477
0.03127026557922363
0.030338525772094727
0.03327059745788574
0.0304107666015625
0.0398252010345459
0.02710270881652832
0.030027151107788086
0.03087592124938965
0.031136274337768555
0.031287193298339844
0.031105756759643555
0.030605316162109375
0.03201627731323242
0.03196382522583008
0.03006744384765625
0.03648090362548828
0.029904842376708984
0.03461933135986328
0.0382077693939209
0.03763246536254883
0.032720088958740234
0.031038761138916016
0.029363155364990234
0.03033447265625
0.029093503952026367
0.02933049201965332
0.03006720542907715
0.029494047164916992
0.03856325149536133
0.03326106071472168
0.03934931755065918
0.0368657112121582
0.037636518478393555
0.03004169464111328
0.0309906005859375
0.028733491897583008
0.03253316879272461
0.031064271926879883
0.03039693832397461
0.03142714500427246
0.03453636169433594
0.030092716217041016
0.029721498489379883
0.02984786033630371
0.037574052810668945
0.03570413589477539
0.0283505916595459
0.028400182723999023
0.036180734634399414
0.03920722007751465
0.02945232391357422
0.030085325241088867
0.03159785270690918
0.027239084243774414
0.029442310333251953
0.031288862228393555
0.03031182289123535
0.03652548789978027
0.034597158432006836
0.028527259826660156
0.028777360916137695
0.029802560806274414
0.029900789260864258
0.029170751571655273
0.028817415237426758
0.025458097457885742
0.029329299926757812
0.028052330017089844
0.027295351028442383
0.029134035110473633
0.02944493293762207
0.028199434280395508
0.029402732849121094
0.029029130935668945
0.028598546981811523
0.02873086929321289
0.028765439987182617
0.025957822799682617
0.03046107292175293
0.028723955154418945
0.02923417091369629
0.02943897247314453
0.030660390853881836
0.02891230583190918
0.029146671295166016
0.029110193252563477
0.0282442569732666
0.029796838760375977
0.03030228614807129
0.026741743087768555
0.03080463409423828
0.03009510040283203
0.029432058334350586
0.02983379364013672
0.03000664710998535
0.028824329376220703
0.028893709182739258
0.028404712677001953
0.029601335525512695
0.03007793426513672
0.028607845306396484
0.028452396392822266
0.03685402870178223
0.03848099708557129
0.029397010803222656
0.032163381576538086
0.030132770538330078
0.030049562454223633
0.03134965896606445
0.03089308738708496
0.031223297119140625
0.02971673011779785
0.029773235321044922
0.025321006774902344
0.03056788444519043
0.03061962127685547
0.03648495674133301
0.03078484535217285
0.029468297958374023
0.029940128326416016
0.0355677604675293
0.034575462341308594
0.03902888298034668
0.0360713005065918
0.039855003356933594
0.03552412986755371
0.035366058349609375
0.03984975814819336
0.04110121726989746
0.03190755844116211
0.029904603958129883
0.03815817832946777
0.03946232795715332
0.03951096534729004
0.0315401554107666
0.030838489532470703
0.03401494026184082
0.04114985466003418
0.029285430908203125
0.029156923294067383
0.02925276756286621
0.029490232467651367
0.029492855072021484
0.030129194259643555
0.029670000076293945
0.030566692352294922
0.028943538665771484
0.029795169830322266
0.032149314880371094
0.0269930362701416
0.029291629791259766
0.030617952346801758
0.02895808219909668
0.02999258041381836
0.03127121925354004
0.028812170028686523
0.03211355209350586
0.03936004638671875
0.03228950500488281
0.03076791763305664
0.03490567207336426
0.03469109535217285
0.03119206428527832
0.03065013885498047
0.03419041633605957
0.03247499465942383
0.031102657318115234
0.030093669891357422
0.02953195571899414
0.029555320739746094
0.030335187911987305
0.02936863899230957
0.03119969367980957
0.02914142608642578
0.039167165756225586
