0.0
0.0
0.06
0.12
0.06
0.18
0.31
0.37
0.43
0.5
0.5
0.5
0.56
0.5
0.43
0.37
0.31
0.25
0.31
0.31
0.37
0.5
0.5
0.68
0.75
0.75
0.81
0.81
0.81
0.81
0.87
0.87
0.93
0.93
0.93
1.0
1.06
1.12
1.18
1.18
1.18
1.31
1.37
1.43
1.5
1.43
1.37
1.25
1.25
1.12
1.06
0.93
0.81
0.81
0.87
0.93
1.06
1.06
1.06
1.18
1.25
1.25
1.25
1.25
1.25
1.18
1.25
1.25
1.25
271.0
271.0
270.0
270.0
269.0
267.0
266.0
266.0
265.0
265.0
264.0
264.0
264.0
264.0
264.0
264.0
264.0
264.0
264.0
264.0
264.0
265.0
265.0
265.0
265.0
266.0
266.0
266.0
266.0
266.0
266.0
266.0
266.0
266.0
266.0
266.0
266.0
266.0
266.0
266.0
266.0
267.0
267.0
267.0
267.0
267.0
268.0
268.0
268.0
268.0
268.0
269.0
269.0
269.0
269.0
269.0
269.0
269.0
269.0
269.0
269.0
269.0
269.0
269.0
269.0
269.0
269.0
269.0
269.0
269.0
178.0
177.0
177.0
176.0
176.0
176.0
175.0
175.0
175.0
174.0
175.0
175.0
175.0
175.0
175.0
175.0
175.0
175.0
175.0
175.0
176.0
176.0
176.0
176.0
176.0
176.0
176.0
176.0
176.0
176.0
176.0
176.0
177.0
177.0
177.0
177.0
177.0
177.0
177.0
177.0
177.0
177.0
177.0
177.0
177.0
178.0
178.0
178.0
178.0
178.0
179.0
179.0
179.0
179.0
179.0
179.0
179.0
179.0
179.0
179.0
180.0
180.0
180.0
180.0
180.0
180.0
180.0
180.0
180.0
180.0
181.0
181.0
181.0
181.0
181.0
181.0
181.0
181.0
181.0
181.0
181.0
181.0
181.0
181.0
181.0
181.0
182.0
182.0
91.5
91.0
90.5
89.9
89.5
89.2
88.9
88.7
88.5
88.2
88.0
87.7
87.4
87.9
88.0
88.0
88.0
88.0
88.0
88.0
88.0
88.0
88.5
89.0
89.1
89.1
89.3
89.5
89.6
89.7
89.8
89.9
90.1
90.2
90.4
90.5
90.6
90.6
90.7
90.6
90.6
90.7
90.6
90.6
90.6
90.6
90.8
90.8
90.8
90.9
91.0
91.1
91.1
91.1
91.3
91.4
91.5
91.6
91.9
92.1
92.2
92.5
92.5
92.6
92.8
92.8
92.9
92.9
93.1
93.1
93.1
